{"buffers":[{"uri":"2CylinderEngine.bin","byteLength":1062020}],"asset":{"version":"2.0","generator":"gltfpack 0.16"},"extensionsUsed":["KHR_mesh_quantization"],"extensionsRequired":["KHR_mesh_quantization"],"bufferViews":[{"buffer":0,"byteOffset":0,"byteLength":223372,"byteStride":4,"target":34962},{"buffer":0,"byteOffset":223372,"byteLength":446744,"byteStride":8,"target":34962},{"buffer":0,"byteOffset":670116,"byteLength":391902,"target":34963}],"accessors":[{"bufferView":0,"byteOffset":0,"componentType":5120,"count":2012,"type":"VEC3","normalized":true},{"bufferView":1,"byteOffset":0,"componentType":5123,"count":2012,"type":"VEC3","min":[7241,3173,4044],"max":[9588,5223,6094]},{"bufferView":2,"byteOffset":0,"componentType":5123,"count":8250,"type":"SCALAR"},{"bufferView":0,"byteOffset":8048,"componentType":5120,"count":1296,"type":"VEC3","normalized":true},{"bufferView":1,"byteOffset":16096,"componentType":5123,"count":1296,"type":"VEC3","min":[8894,3173,4045],"max":[9367,5223,6093]},{"bufferView":2,"byteOffset":16500,"componentType":5123,"count":5034,"type":"SCALAR"},{"bufferView":0,"byteOffset":13232,"componentType":5120,"count":264,"type":"VEC3","normalized":true},{"bufferView":1,"byteOffset":26464,"componentType":5123,"count":264,"type":"VEC3","min":[2363,5875,5069],"max":[2847,6359,6942]},{"bufferView":2,"byteOffset":26568,"componentType":5123,"count":792,"type":"SCALAR"},{"bufferView":0,"byteOffset":14288,"componentType":5120,"count":6643,"type":"VEC3","normalized":true},{"bufferView":1,"byteOffset":28576,"componentType":5123,"count":6643,"type":"VEC3","min":[379,265,2005],"max":[9712,4779,6449]},{"bufferView":2,"byteOffset":28152,"componentType":5123,"count":27348,"type":"SCALAR"},{"bufferView":0,"byteOffset":40860,"componentType":5120,"count":3175,"type":"VEC3","normalized":true},{"bufferView":1,"byteOffset":81720,"componentType":5123,"count":3175,"type":"VEC3","min":[6946,1347,1983],"max":[14693,5300,7614]},{"bufferView":2,"byteOffset":82848,"componentType":5123,"count":10410,"type":"SCALAR"},{"bufferView":0,"byteOffset":53560,"componentType":5120,"count":43,"type":"VEC3","normalized":true},{"bufferView":1,"byteOffset":107120,"componentType":5123,"count":43,"type":"VEC3","min":[11044,3167,5069],"max":[11082,3205,5179]},{"bufferView":2,"byteOffset":103668,"componentType":5123,"count":123,"type":"SCALAR"},{"bufferView":0,"byteOffset":53732,"componentType":5120,"count":43,"type":"VEC3","normalized":true},{"bufferView":1,"byteOffset":107464,"componentType":5123,"count":43,"type":"VEC3","min":[11043,2593,5069],"max":[11083,2633,5179]},{"bufferView":2,"byteOffset":103914,"componentType":5123,"count":123,"type":"SCALAR"},{"bufferView":0,"byteOffset":53904,"componentType":5120,"count":870,"type":"VEC3","normalized":true},{"bufferView":1,"byteOffset":107808,"componentType":5123,"count":870,"type":"VEC3","min":[11019,2569,5069],"max":[11107,3230,5399]},{"bufferView":2,"byteOffset":104160,"componentType":5123,"count":4842,"type":"SCALAR"},{"bufferView":0,"byteOffset":57384,"componentType":5120,"count":294,"type":"VEC3","normalized":true},{"bufferView":1,"byteOffset":114768,"componentType":5123,"count":294,"type":"VEC3","min":[9769,10073,4672],"max":[12193,10867,5465]},{"bufferView":2,"byteOffset":113844,"componentType":5123,"count":870,"type":"SCALAR"},{"bufferView":0,"byteOffset":58560,"componentType":5120,"count":624,"type":"VEC3","normalized":true},{"bufferView":1,"byteOffset":117120,"componentType":5123,"count":624,"type":"VEC3","min":[12647,9899,4716],"max":[12845,10604,5421]},{"bufferView":2,"byteOffset":115584,"componentType":5123,"count":1860,"type":"SCALAR"},{"bufferView":0,"byteOffset":61056,"componentType":5120,"count":408,"type":"VEC3","normalized":true},{"bufferView":1,"byteOffset":122112,"componentType":5123,"count":408,"type":"VEC3","min":[7212,2212,5069],"max":[9394,3137,5399]},{"bufferView":2,"byteOffset":119304,"componentType":5123,"count":1140,"type":"SCALAR"},{"bufferView":0,"byteOffset":62688,"componentType":5120,"count":340,"type":"VEC3","normalized":true},{"bufferView":1,"byteOffset":125376,"componentType":5123,"count":340,"type":"VEC3","min":[7212,2630,5069],"max":[9394,2917,5399]},{"bufferView":2,"byteOffset":121584,"componentType":5123,"count":972,"type":"SCALAR"},{"bufferView":0,"byteOffset":64048,"componentType":5120,"count":324,"type":"VEC3","normalized":true},{"bufferView":1,"byteOffset":128096,"componentType":5123,"count":324,"type":"VEC3","min":[8534,8444,3284],"max":[8865,8774,5069]},{"bufferView":2,"byteOffset":123528,"componentType":5123,"count":924,"type":"SCALAR"},{"bufferView":0,"byteOffset":65344,"componentType":5120,"count":96,"type":"VEC3","normalized":true},{"bufferView":1,"byteOffset":130688,"componentType":5123,"count":96,"type":"VEC3","min":[7097,14052,5069],"max":[7383,14339,7603]},{"bufferView":2,"byteOffset":125376,"componentType":5123,"count":276,"type":"SCALAR"},{"bufferView":0,"byteOffset":65728,"componentType":5120,"count":348,"type":"VEC3","normalized":true},{"bufferView":1,"byteOffset":131456,"componentType":5123,"count":348,"type":"VEC3","min":[1659,2366,5069],"max":[2056,2762,6501]},{"bufferView":2,"byteOffset":125928,"componentType":5123,"count":1044,"type":"SCALAR"},{"bufferView":0,"byteOffset":67120,"componentType":5120,"count":2823,"type":"VEC3","normalized":true},{"bufferView":1,"byteOffset":134240,"componentType":5123,"count":2823,"type":"VEC3","min":[0,1960,2391],"max":[16383,6017,7746]},{"bufferView":2,"byteOffset":128016,"componentType":5123,"count":9939,"type":"SCALAR"},{"bufferView":0,"byteOffset":78412,"componentType":5120,"count":33686,"type":"VEC3","normalized":true},{"bufferView":1,"byteOffset":156824,"componentType":5123,"count":33686,"type":"VEC3","min":[875,0,2248],"max":[14944,5976,7890]},{"bufferView":2,"byteOffset":147894,"componentType":5123,"count":112911,"type":"SCALAR"},{"bufferView":0,"byteOffset":213156,"componentType":5120,"count":372,"type":"VEC3","normalized":true},{"bufferView":1,"byteOffset":426312,"componentType":5123,"count":372,"type":"VEC3","min":[8492,8444,4694],"max":[9021,8972,5069]},{"bufferView":2,"byteOffset":373716,"componentType":5123,"count":1080,"type":"SCALAR"},{"bufferView":0,"byteOffset":214644,"componentType":5120,"count":192,"type":"VEC3","normalized":true},{"bufferView":1,"byteOffset":429288,"componentType":5123,"count":192,"type":"VEC3","min":[7333,5488,0],"max":[7619,5775,5069]},{"bufferView":2,"byteOffset":375876,"componentType":5123,"count":564,"type":"SCALAR"},{"bufferView":0,"byteOffset":215412,"componentType":5120,"count":1461,"type":"VEC3","normalized":true},{"bufferView":1,"byteOffset":430824,"componentType":5123,"count":1461,"type":"VEC3","min":[6628,3034,4848],"max":[10639,4664,5289]},{"bufferView":2,"byteOffset":377004,"componentType":5123,"count":4863,"type":"SCALAR"},{"bufferView":0,"byteOffset":221256,"componentType":5120,"count":143,"type":"VEC3","normalized":true},{"bufferView":1,"byteOffset":442512,"componentType":5123,"count":143,"type":"VEC3","min":[7484,3072,3277],"max":[7825,3413,5069]},{"bufferView":2,"byteOffset":386730,"componentType":5123,"count":423,"type":"SCALAR"},{"bufferView":0,"byteOffset":221828,"componentType":5120,"count":386,"type":"VEC3","normalized":true},{"bufferView":1,"byteOffset":443656,"componentType":5123,"count":386,"type":"VEC3","min":[7484,3072,3196],"max":[7825,3413,3277]},{"bufferView":2,"byteOffset":387576,"componentType":5123,"count":2163,"type":"SCALAR"}],"materials":[{"name":"Material_20","pbrMetallicRoughness":{"baseColorFactor":[0.850000024,0.850000024,0.850000024,1],"metallicFactor":0}},{"name":"Material_21","pbrMetallicRoughness":{"baseColorFactor":[0,0,0,1],"metallicFactor":0}},{"name":"Material_17","pbrMetallicRoughness":{"baseColorFactor":[0.850000024,0.56099999,0,1],"metallicFactor":0}},{"name":"Material_22","pbrMetallicRoughness":{"baseColorFactor":[0,0.425000012,0.425000012,1],"metallicFactor":0}},{"name":"Material_18","pbrMetallicRoughness":{"baseColorFactor":[0.850000024,0,0,1],"metallicFactor":0}},{"name":"Material_23","pbrMetallicRoughness":{"baseColorFactor":[0,0.56099999,0.850000024,1],"metallicFactor":0}},{"name":"Material_16","pbrMetallicRoughness":{"baseColorFactor":[0,0,0.850000024,1],"metallicFactor":0}}],"meshes":[{"primitives":[{"attributes":{"NORMAL":0,"POSITION":1},"mode":4,"indices":2,"material":0},{"attributes":{"NORMAL":3,"POSITION":4},"mode":4,"indices":5,"material":1}]},{"primitives":[{"attributes":{"NORMAL":6,"POSITION":7},"mode":4,"indices":8,"material":2}]},{"primitives":[{"attributes":{"NORMAL":9,"POSITION":10},"mode":4,"indices":11,"material":2},{"attributes":{"NORMAL":12,"POSITION":13},"mode":4,"indices":14,"material":3}]},{"primitives":[{"attributes":{"NORMAL":15,"POSITION":16},"mode":4,"indices":17,"material":2},{"attributes":{"NORMAL":18,"POSITION":19},"mode":4,"indices":20,"material":4},{"attributes":{"NORMAL":21,"POSITION":22},"mode":4,"indices":23,"material":5}]},{"primitives":[{"attributes":{"NORMAL":24,"POSITION":25},"mode":4,"indices":26,"material":6}]},{"primitives":[{"attributes":{"NORMAL":27,"POSITION":28},"mode":4,"indices":29,"material":6}]},{"primitives":[{"attributes":{"NORMAL":30,"POSITION":31},"mode":4,"indices":32,"material":0}]},{"primitives":[{"attributes":{"NORMAL":33,"POSITION":34},"mode":4,"indices":35,"material":0}]},{"primitives":[{"attributes":{"NORMAL":36,"POSITION":37},"mode":4,"indices":38,"material":6}]},{"primitives":[{"attributes":{"NORMAL":39,"POSITION":40},"mode":4,"indices":41,"material":6}]},{"primitives":[{"attributes":{"NORMAL":42,"POSITION":43},"mode":4,"indices":44,"material":2}]},{"primitives":[{"attributes":{"NORMAL":45,"POSITION":46},"mode":4,"indices":47,"material":5},{"attributes":{"NORMAL":48,"POSITION":49},"mode":4,"indices":50,"material":0}]},{"primitives":[{"attributes":{"NORMAL":51,"POSITION":52},"mode":4,"indices":53,"material":6}]},{"primitives":[{"attributes":{"NORMAL":54,"POSITION":55},"mode":4,"indices":56,"material":6}]},{"primitives":[{"attributes":{"NORMAL":57,"POSITION":58},"mode":4,"indices":59,"material":0}]},{"primitives":[{"attributes":{"NORMAL":60,"POSITION":61},"mode":4,"indices":62,"material":2},{"attributes":{"NORMAL":63,"POSITION":64},"mode":4,"indices":65,"material":4}]}],"nodes":[{"mesh":0,"translation":[-371.69223,-180.971558,-230.000015],"scale":[0.0453753509,0.0453753509,0.0453753509]},{"mesh":0,"translation":[-371.69223,-180.971558,-230.000015],"scale":[0.0453753509,0.0453753509,0.0453753509]},{"mesh":1,"translation":[-371.69223,-180.971558,-230.000015],"scale":[0.0453753509,0.0453753509,0.0453753509]},{"mesh":1,"translation":[-371.69223,-180.971558,-230.000015],"scale":[0.0453753509,0.0453753509,0.0453753509]},{"mesh":2,"translation":[-371.69223,-180.971558,-230.000015],"scale":[0.0453753509,0.0453753509,0.0453753509]},{"mesh":3,"translation":[-371.69223,-180.971558,-230.000015],"scale":[0.0453753509,0.0453753509,0.0453753509]},{"mesh":3,"translation":[-371.69223,-180.971558,-230.000015],"scale":[0.0453753509,0.0453753509,0.0453753509]},{"mesh":3,"translation":[-371.69223,-180.971558,-230.000015],"scale":[0.0453753509,0.0453753509,0.0453753509]},{"mesh":3,"translation":[-371.69223,-180.971558,-230.000015],"scale":[0.0453753509,0.0453753509,0.0453753509]},{"mesh":3,"translation":[-371.69223,-180.971558,-230.000015],"scale":[0.0453753509,0.0453753509,0.0453753509]},{"mesh":3,"translation":[-371.69223,-180.971558,-230.000015],"scale":[0.0453753509,0.0453753509,0.0453753509]},{"mesh":3,"translation":[-371.69223,-180.971558,-230.000015],"scale":[0.0453753509,0.0453753509,0.0453753509]},{"mesh":3,"translation":[-371.69223,-180.971558,-230.000015],"scale":[0.0453753509,0.0453753509,0.0453753509]},{"mesh":3,"translation":[-371.69223,-180.971558,-230.000015],"scale":[0.0453753509,0.0453753509,0.0453753509]},{"mesh":3,"translation":[-371.69223,-180.971558,-230.000015],"scale":[0.0453753509,0.0453753509,0.0453753509]},{"mesh":3,"translation":[-371.69223,-180.971558,-230.000015],"scale":[0.0453753509,0.0453753509,0.0453753509]},{"mesh":3,"translation":[-371.69223,-180.971558,-230.000015],"scale":[0.0453753509,0.0453753509,0.0453753509]},{"mesh":3,"translation":[-371.69223,-180.971558,-230.000015],"scale":[0.0453753509,0.0453753509,0.0453753509]},{"mesh":3,"translation":[-371.69223,-180.971558,-230.000015],"scale":[0.0453753509,0.0453753509,0.0453753509]},{"mesh":3,"translation":[-371.69223,-180.971558,-230.000015],"scale":[0.0453753509,0.0453753509,0.0453753509]},{"mesh":3,"translation":[-371.69223,-180.971558,-230.000015],"scale":[0.0453753509,0.0453753509,0.0453753509]},{"mesh":3,"translation":[-371.69223,-180.971558,-230.000015],"scale":[0.0453753509,0.0453753509,0.0453753509]},{"mesh":3,"translation":[-371.69223,-180.971558,-230.000015],"scale":[0.0453753509,0.0453753509,0.0453753509]},{"mesh":3,"translation":[-371.69223,-180.971558,-230.000015],"scale":[0.0453753509,0.0453753509,0.0453753509]},{"mesh":3,"translation":[-371.69223,-180.971558,-230.000015],"scale":[0.0453753509,0.0453753509,0.0453753509]},{"mesh":4,"translation":[-371.69223,-180.971558,-230.000015],"scale":[0.0453753509,0.0453753509,0.0453753509]},{"mesh":4,"translation":[-371.69223,-180.971558,-230.000015],"scale":[0.0453753509,0.0453753509,0.0453753509]},{"mesh":5,"translation":[-371.69223,-180.971558,-230.000015],"scale":[0.0453753509,0.0453753509,0.0453753509]},{"mesh":5,"translation":[-371.69223,-180.971558,-230.000015],"scale":[0.0453753509,0.0453753509,0.0453753509]},{"mesh":6,"translation":[-371.69223,-180.971558,-230.000015],"scale":[0.0453753509,0.0453753509,0.0453753509]},{"mesh":6,"translation":[-371.69223,-180.971558,-230.000015],"scale":[0.0453753509,0.0453753509,0.0453753509]},{"mesh":7,"translation":[-371.69223,-180.971558,-230.000015],"scale":[0.0453753509,0.0453753509,0.0453753509]},{"mesh":7,"translation":[-371.69223,-180.971558,-230.000015],"scale":[0.0453753509,0.0453753509,0.0453753509]},{"mesh":8,"translation":[-371.69223,-180.971558,-230.000015],"scale":[0.0453753509,0.0453753509,0.0453753509]},{"mesh":8,"translation":[-371.69223,-180.971558,-230.000015],"scale":[0.0453753509,0.0453753509,0.0453753509]},{"mesh":8,"translation":[-371.69223,-180.971558,-230.000015],"scale":[0.0453753509,0.0453753509,0.0453753509]},{"mesh":8,"translation":[-371.69223,-180.971558,-230.000015],"scale":[0.0453753509,0.0453753509,0.0453753509]},{"mesh":9,"translation":[-371.69223,-180.971558,-230.000015],"scale":[0.0453753509,0.0453753509,0.0453753509]},{"mesh":9,"translation":[-371.69223,-180.971558,-230.000015],"scale":[0.0453753509,0.0453753509,0.0453753509]},{"mesh":10,"translation":[-371.69223,-180.971558,-230.000015],"scale":[0.0453753509,0.0453753509,0.0453753509]},{"mesh":10,"translation":[-371.69223,-180.971558,-230.000015],"scale":[0.0453753509,0.0453753509,0.0453753509]},{"mesh":11,"translation":[-371.69223,-180.971558,-230.000015],"scale":[0.0453753509,0.0453753509,0.0453753509]},{"mesh":12,"translation":[-371.69223,-180.971558,-230.000015],"scale":[0.0453753509,0.0453753509,0.0453753509]},{"mesh":12,"translation":[-371.69223,-180.971558,-230.000015],"scale":[0.0453753509,0.0453753509,0.0453753509]},{"mesh":13,"translation":[-371.69223,-180.971558,-230.000015],"scale":[0.0453753509,0.0453753509,0.0453753509]},{"mesh":13,"translation":[-371.69223,-180.971558,-230.000015],"scale":[0.0453753509,0.0453753509,0.0453753509]},{"mesh":13,"translation":[-371.69223,-180.971558,-230.000015],"scale":[0.0453753509,0.0453753509,0.0453753509]},{"mesh":13,"translation":[-371.69223,-180.971558,-230.000015],"scale":[0.0453753509,0.0453753509,0.0453753509]},{"mesh":14,"translation":[-371.69223,-180.971558,-230.000015],"scale":[0.0453753509,0.0453753509,0.0453753509]},{"mesh":14,"translation":[-371.69223,-180.971558,-230.000015],"scale":[0.0453753509,0.0453753509,0.0453753509]},{"mesh":15,"translation":[-371.69223,-180.971558,-230.000015],"scale":[0.0453753509,0.0453753509,0.0453753509]},{"mesh":15,"translation":[-371.69223,-180.971558,-230.000015],"scale":[0.0453753509,0.0453753509,0.0453753509]},{"mesh":15,"translation":[-371.69223,-180.971558,-230.000015],"scale":[0.0453753509,0.0453753509,0.0453753509]},{"mesh":15,"translation":[-371.69223,-180.971558,-230.000015],"scale":[0.0453753509,0.0453753509,0.0453753509]},{"children":[117,116,115,114,113,112,111,110,61,58,55]},{"matrix":[1,0,0,0,0,1,0,0,0,0,1,0,136.860107,-64.4537201,-36.1796303,1],"children":[57,56]},{"matrix":[-1,8.97931868e-11,0,0,-8.97931868e-11,-1,0,0,0,0,1,0,-294.677185,73.9798737,16.1796322,1],"children":[0]},{"matrix":[0.999565005,0.0294931848,0,0,-0.0294931848,0.999565005,0,0,0,0,1,0,-45.3154602,-24.6172638,-26.3203697,1],"children":[2]},{"matrix":[-1,8.97931868e-11,0,0,-8.97931868e-11,-1,0,0,0,0,1,0,-136.860107,64.4537201,3.8203671,1],"children":[60,59]},{"matrix":[-1,8.97931868e-11,0,0,-8.97931868e-11,-1,0,0,0,0,1,0,-294.677185,73.9798737,16.1796322,1],"children":[1]},{"matrix":[0.999565005,0.0294931848,0,0,-0.0294931848,0.999565005,0,0,0,0,1,0,-45.3154602,-24.6172638,-26.3203678,1],"children":[3]},{"children":[109,108,62]},{"matrix":[-2.43054075e-07,1.40875795e-06,-1,0,-1,-2.43054075e-07,2.43053734e-07,0,-2.43053734e-07,1,1.40875807e-06,0,-48.2618256,-59.110424,34.5959854,1],"children":[107,106,105,104,91,77,63]},{"matrix":[-0.454682022,0.654166222,-0.604426026,0,0.869639754,0.472620666,-0.142675966,0,0.19233042,-0.590505064,-0.783781052,0,14.8981934,85.8295135,-48.0346451,1],"children":[76,75,64]},{"children":[74,73,72,71,70,69,68,67,66,65]},{"matrix":[0.84503299,0.00539894542,-0.534686923,0,-0.471090674,0.480583072,-0.73967123,0,0.252968043,0.876932621,0.408651918,0,-74.0894775,71.4164658,-157.913239,1],"children":[5]},{"matrix":[-0.71454519,-0.115417734,0.690002859,0,-0.65225178,0.466548622,-0.597411096,0,-0.252968073,-0.8769328,-0.408651501,0,122.531097,86.6481476,-312.313385,1],"children":[6]},{"matrix":[0.84503299,0.00539894542,-0.534686923,0,-0.471090674,0.480583072,-0.73967123,0,0.252968043,0.876932621,0.408651918,0,-69.3792953,71.7813339,-161.61203,1],"children":[7]},{"matrix":[-0.71454519,-0.115417734,0.690002859,0,-0.65225178,0.466548622,-0.597411096,0,-0.252968073,-0.8769328,-0.408651501,0,127.241272,87.0130234,-316.012177,1],"children":[8]},{"matrix":[0.84503299,0.00539894542,-0.534686923,0,-0.471090674,0.480583072,-0.73967123,0,0.252968043,0.876932621,0.408651918,0,-64.669075,72.1462479,-165.310791,1],"children":[9]},{"matrix":[-0.71454519,-0.115417734,0.690002859,0,-0.65225178,0.466548622,-0.597411096,0,-0.252968073,-0.8769328,-0.408651501,0,131.951538,87.3779221,-319.710968,1],"children":[10]},{"matrix":[0.84503299,0.00539894542,-0.534686923,0,-0.471090674,0.480583072,-0.73967123,0,0.252968043,0.876932621,0.408651918,0,-59.9588852,72.5111313,-169.009552,1],"children":[11]},{"matrix":[-0.71454519,-0.115417734,0.690002859,0,-0.65225178,0.466548622,-0.597411096,0,-0.252968073,-0.8769328,-0.408651501,0,136.661652,87.7428055,-323.40976,1],"children":[12]},{"matrix":[0.84503299,0.00539894542,-0.534686923,0,-0.471090674,0.480583072,-0.73967123,0,0.252968043,0.876932621,0.408651918,0,-55.2486954,72.8760147,-172.708313,1],"children":[13]},{"matrix":[-0.71454519,-0.115417734,0.690002859,0,-0.65225178,0.466548622,-0.597411096,0,-0.252968073,-0.8769328,-0.408651501,0,141.371887,88.1076736,-327.10849,1],"children":[14]},{"matrix":[0.78503257,0.0608142093,-0.616462052,0,-0.135618865,0.987899482,-0.0752469674,0,0.604426503,0.142675206,0.783780873,0,-5.7467351,-250.409912,-86.6879044,1],"children":[25]},{"matrix":[0.785033107,0.0608134456,-0.616461456,0,-0.368158519,-0.754534006,-0.54326582,0,-0.498179018,0.653437197,-0.569945216,0,34.1871376,252.666016,65.0636902,1],"children":[27]},{"matrix":[0.454682201,0.654166222,0.604425848,0,-0.869639635,0.472620904,0.142675936,0,-0.192330509,-0.590504885,0.783781171,0,91.8705139,80.6325531,166.260895,1],"children":[90,89,78]},{"children":[88,87,86,85,84,83,82,81,80,79]},{"matrix":[0.862070203,-0.0153197004,-0.506557286,0,-0.43403545,0.493688345,-0.753581464,0,0.261626065,0.869503975,0.418944716,0,-77.3992157,74.4983521,-159.901993,1],"children":[15]},{"matrix":[-0.6893031,-0.135500625,0.711688697,0,-0.675583422,0.474976182,-0.563901305,0,-0.261626214,-0.869503975,-0.418944538,0,115.954102,89.4769363,-311.73645,1],"children":[16]},{"matrix":[0.862070203,-0.0153197004,-0.506557286,0,-0.43403545,0.493688345,-0.753581464,0,0.261626065,0.869503975,0.418944716,0,-71.1189499,74.9848709,-164.833679,1],"children":[17]},{"matrix":[-0.6893031,-0.135500625,0.711688697,0,-0.675583422,0.474976182,-0.563901305,0,-0.261626214,-0.869503975,-0.418944538,0,122.234375,89.9634628,-316.668213,1],"children":[18]},{"matrix":[0.862070203,-0.0153197004,-0.506557286,0,-0.43403545,0.493688345,-0.753581464,0,0.261626065,0.869503975,0.418944716,0,-64.838707,75.4713974,-169.765366,1],"children":[19]},{"matrix":[-0.6893031,-0.135500625,0.711688697,0,-0.675583422,0.474976182,-0.563901305,0,-0.261626214,-0.869503975,-0.418944538,0,128.514618,90.4499893,-321.599915,1],"children":[20]},{"matrix":[0.862070203,-0.0153197004,-0.506557286,0,-0.43403545,0.493688345,-0.753581464,0,0.261626065,0.869503975,0.418944716,0,-58.5584412,75.9579086,-174.697067,1],"children":[21]},{"matrix":[-0.6893031,-0.135500625,0.711688697,0,-0.675583422,0.474976182,-0.563901305,0,-0.261626214,-0.869503975,-0.418944538,0,134.794891,90.9365005,-326.531586,1],"children":[22]},{"matrix":[0.862070203,-0.0153197004,-0.506557286,0,-0.43403545,0.493688345,-0.753581464,0,0.261626065,0.869503975,0.418944716,0,-52.2781754,76.4444122,-179.628754,1],"children":[23]},{"matrix":[-0.6893031,-0.135500625,0.711688697,0,-0.675583422,0.474976182,-0.563901305,0,-0.261626214,-0.869503975,-0.418944538,0,141.075165,91.4230194,-331.463226,1],"children":[24]},{"matrix":[0.78503257,0.0608142093,-0.616462052,0,-0.135618865,0.987899482,-0.0752469674,0,0.604426503,0.142675206,0.783780873,0,-1.24852002,-250.06192,-90.2271347,1],"children":[26]},{"matrix":[0.785032272,0.0608139299,-0.616462529,0,-0.392478049,-0.721104801,-0.570936799,0,-0.479254991,0.690151811,-0.542222381,0,45.5969391,243.513123,69.3887863,1],"children":[28]},{"matrix":[0.999997437,0,-0.00227107294,0,0,1,0,0,0.00227107294,0,0.999997437,0,-0.134090006,-12.9999886,0.123657003,1],"children":[103,102,97,92]},{"matrix":[1,0,0,0,0,1,0,0,0,0,1,0,-7.99999998e-06,-1.10000001e-05,-99.9995346,1],"children":[96,95,94,93]},{"matrix":[0.999997437,0,0.00227004313,0,0,1,0,0,-0.00227004313,0,0.999997437,0,49.7321663,344.353363,79.5991516,1],"children":[29]},{"matrix":[0.999997437,1.01915302e-13,0.00226999936,0,-1.01915302e-13,-1,8.97931243e-11,0,0.00226999936,-8.97931243e-11,-0.999997437,0,49.6981125,257.122986,94.5991135,1],"children":[31]},{"matrix":[0.998671651,-4.95993357e-10,-0.0515259914,0,-0.0515259914,-1.92393763e-08,-0.998671651,0,-4.95993357e-10,1,-1.92393763e-08,0,67.5396423,326.738129,297.740662,1],"children":[33]},{"matrix":[0.998662949,-1.88484317e-09,-0.0516939722,0,-0.0516939722,-7.28743856e-08,-0.998662949,0,-1.88484317e-09,1,-7.28743856e-08,0,17.5749607,326.738129,297.629181,1],"children":[34]},{"children":[101,100,99,98]},{"matrix":[0.999997437,0,0.00227004313,0,0,1,0,0,-0.00227004313,0,0.999997437,0,49.5051537,344.353363,79.59935,1],"children":[30]},{"matrix":[0.999997437,1.01915302e-13,0.00226999936,0,-1.01915302e-13,-1,8.97931243e-11,0,0.00226999936,-8.97931243e-11,-0.999997437,0,49.4711037,257.122955,94.5993118,1],"children":[32]},{"matrix":[0.998454332,-6.42858489e-10,-0.055578012,0,-0.055578012,-2.31156765e-08,-0.998454332,0,-6.42858489e-10,1,-2.31156765e-08,0,68.1671066,326.738129,297.788666,1],"children":[35]},{"matrix":[0.998445213,5.50755275e-10,-0.0557419769,0,-0.0557419769,1.9745519e-08,-0.998445213,0,5.50755275e-10,1,1.9745519e-08,0,18.2017593,326.738129,297.677032,1],"children":[36]},{"matrix":[-0.999987364,-0.00448741531,-0.00226997444,0,0.00448740181,-0.999989927,1.10931824e-05,0,-0.00227000145,9.06754565e-07,0.999997437,0,-29.9802284,768.699219,-20.5813274,1],"children":[37]},{"matrix":[-0.999985039,-0.00497316988,-0.00226997049,0,0.00497315638,-0.999987662,1.16445071e-05,0,-0.00227000029,3.55415352e-07,0.999997437,0,48.7947083,768.677185,-20.402504,1],"children":[38]},{"matrix":[-0.821393073,0.383022875,0.422619134,0,-0.383022875,0.178606898,-0.906307399,0,-0.422619134,-0.906307399,4.80741527e-08,0,-141.640854,388.67276,122.007797,1],"children":[39]},{"matrix":[-0.821345031,-0.382999092,0.422733963,0,-0.383126795,-0.178655729,-0.906253815,0,0.42261824,-0.906307817,7.82330517e-07,0,-270.794067,145.434006,122.044113,1],"children":[40]},{"matrix":[0.999993324,-1.64997686e-11,0.00365399849,0,0.00365399849,9.03104524e-09,-0.999993324,0,-1.64997686e-11,1,9.03104524e-09,0,81.1949768,247.738174,220.146072,1],"children":[42]},{"matrix":[0.999989867,-4.35311639e-12,-0.00449799979,0,-0.00449799979,-1.93556926e-09,-0.999989867,0,-4.35311639e-12,1,-1.93556926e-09,0,-23.1249447,247.738174,220.354599,1],"children":[43]},{"matrix":[1.10843335e-10,-0.000925134751,-0.999999583,0,2.39626871e-07,-0.999999583,0.000925134751,0,-1,-2.39626871e-07,1.10843335e-10,0,-295,21.4988766,0.492556989,1],"children":[44]},{"matrix":[5.06239717e-10,0.00235650549,-0.999997199,0,-4.29652374e-07,-0.999997199,-0.00235650549,0,-1,4.29652374e-07,5.06239717e-10,0,-295,21.605278,-105.328674,1],"children":[45]},{"matrix":[-0.986103714,0.166130736,0,0,-0.166130736,-0.986103714,0,0,0,0,1,0,-71.0180664,-22.1930122,-20,1],"children":[48]},{"matrix":[0.986103714,-0.166130826,0,0,0.166130826,0.986103714,0,0,0,0,1,0,71.0180664,22.1930141,22,1],"children":[49]},{"matrix":[4.4896642e-11,0,1,0,0,1,0,0,-1,0,4.4896642e-11,0,-100,-66.1511765,-5.62789679,1],"children":[50]},{"matrix":[4.4896642e-11,0,1,0,0,1,0,0,-1,0,4.4896642e-11,0,-100,-66.1511688,14.3720989,1],"children":[51]},{"matrix":[-2.22044605e-16,6.34933703e-11,1,0,-6.34933703e-11,-1,6.34933703e-11,0,1,-6.34933703e-11,-2.22044605e-16,0,100,-133.848831,34.3721275,1],"children":[52]},{"matrix":[-2.22044605e-16,6.34933703e-11,1,0,-6.34933703e-11,-1,6.34933703e-11,0,1,-6.34933703e-11,-2.22044605e-16,0,100,-133.848831,54.3721237,1],"children":[53]},{"matrix":[5.06239717e-10,0.00235650549,-0.999997199,0,-4.29652374e-07,-0.999997199,-0.00235650549,0,-1,4.29652374e-07,5.06239717e-10,0,-295,123.807793,-100.101501,1],"children":[46]},{"matrix":[5.06239717e-10,0.00235650549,-0.999997199,0,-4.29652374e-07,-0.999997199,-0.00235650549,0,-1,4.29652374e-07,5.06239717e-10,0,-295,132.139526,-3.98334599,1],"children":[47]},{"matrix":[0.707106769,-2.15636575e-07,-0.707106829,0,-0.331294358,0.883452296,-0.331294596,0,0.624695182,0.468521148,0.624695003,0,1005.98743,766.317078,953.345581,1],"camera":0}],"scenes":[{"nodes":[4,41,118,54]}],"cameras":[{"type":"perspective","perspective":{"yfov":0.314346373,"znear":0.049999997,"aspectRatio":1,"zfar":1000000}}],"scene":0}